83.49
83.40
83.22
83.00
82.86
82.86
82.72
82.61
82.44
82.32
82.22
82.16
82.16
82.06
81.91
81.63
81.28
81.00
80.87
80.87
80.73
80.50
80.38
79.99
79.51
79.31
79.31
79.15
78.84
78.68
78.52
78.30
78.18
78.05
77.91
77.78
77.67
77.67
77.58
77.58
77.58
77.49
77.40
77.28
77.20
77.20
77.14
77.14
77.14
77.23
77.23
77.13
77.06
77.06
77.06
76.97
76.85
76.70
76.50
76.43
76.31
76.31
76.25
76.16
76.16
76.23
76.23
76.23
76.23
76.30
76.37
76.47
76.62
76.78
76.84
76.84
76.84
76.95
76.95
76.76
76.59
76.53
76.53
76.36
76.13
75.98
75.85
75.71
75.55
75.55
75.55
75.55
75.55
75.55
75.55
75.55
75.55
75.69
75.79
75.93
76.02
76.16
76.27
76.27
76.35
76.35
76.35
76.35
76.43
76.43
76.43
76.58
76.78
77.02
77.42
77.63
77.72
77.83
77.96
78.11
78.20
78.29
78.35
78.42
78.43
78.27
78.12
77.97
77.83
77.47
77.17
76.87
76.57
76.24
75.91
75.61
75.32
75.10
74.95
74.80
74.63
74.63
74.63
74.63
74.63
74.63
74.63
74.63
74.63
74.63
74.63
74.63
74.63
74.63
74.63
74.63
74.63
74.63
74.63
74.63
74.50
74.40
74.21
74.08
74.07
74.02
74.02
74.02
73.98
73.93
73.91
73.94
73.98
73.98
73.99
74.03
74.00
73.98
73.98
73.95
73.95
73.83
73.73
73.55
73.31
73.08
72.90
72.90
72.79
72.55
72.38
72.30
72.26
72.20
72.20
72.19
72.20
72.27
72.37
72.45
72.47
72.47
72.45
72.48
72.46
72.43
72.39
72.39
72.39
72.32
72.26
72.00
71.75
71.57
71.51
71.51
71.53
71.50
71.52
71.61
71.70
71.72
71.73
71.92
72.07
72.23
72.52
72.79
72.94
72.94
73.01
73.22
73.33
73.35
73.37
73.38
73.38
73.31
73.16
73.09
73.10
73.05
72.92
72.92
72.84
72.77
72.72
72.63
72.49
72.43
72.38
72.23
72.08
71.89
71.70
71.56
71.39
71.27
71.18
71.06
70.92
70.73
70.66
70.62
70.53
70.43
70.28
70.13
69.99
69.97
69.97
69.97
69.97